111111111111111111111111
111111111111111111111111
111111111111111111111111
111111111111111111111111
111111111100000111111111
111111111100000111111111
111111111100000111111111
111111111100000111111111
111111111100000111111111
111111111110001111111111
111100000000000000001111
111101111110001111101111
111101111111011111101111
111101111111011111101111
111101111111011111101111
111101111111011111101111
111101111111011111101111
111101111111011111101111
111101111111011111101111
111000111110001111000111
111000111110001111000111
111000111110001111000111
111111111111111111111111
111111111111111111111111
111111111111111111111111
111111111111111111111111
111111111111111111111111